version: 1
creator: callgrind-3.10.0.SVN
pid: 306
cmd:  /home/spu92482/builds/instrument-prototype/cow_instrument/testing/cow_instrument_test
part: 1


desc: I1 cache: 32768 B, 64 B, 8-way associative
desc: D1 cache: 32768 B, 64 B, 8-way associative
desc: LL cache: 8388608 B, 64 B, 16-way associative

desc: Timerange: Basic block 0 - 2760139
desc: Trigger: Program termination

positions: instr line
events: Ir Dr Dw I1mr D1mr D1mw ILmr DLmr DLmw
summary: 0


ob=(6) /home/spu92482/builds/instrument-prototype/cow_instrument/libcow_instrument.so
fl=(11) /home/spu92482/sources/instrument-prototype/cow_instrument/Detector.cpp
fn=(30) Detector::getPos() const
0x5430 5 59999 59999 0 1 0 0 1
+4 * 59999
+3 * 59999 0 59999 0 0 1 0 0 1
+3 * 59999 59999
+4 * 59999 0 59999 1 0 0 1
+4 * 59999 59999
+4 * 59999 0 59999
+4 * 59999 59999

fl=(8) /home/spu92482/sources/instrument-prototype/cow_instrument/InstrumentTree.cpp
fn=(22) InstrumentTree::getDetector(unsigned long) const
0x55b0 42 59999 0 59999 1 0 0 1
fi=(9) /usr/include/c++/4.8/bits/stl_tree.h
+2 1805 59999
fe=(8)
+4 42 59999 0 59999
+1 * 59999 0 59999
+1 * 59999
+3 * 59999
fi=(9)
+4 1803 59999 59999 0 1 1 0 1 1
+4 1156 59999
+3 * 59999
+2 1805 59999
+3 * 59999
jump=59999 +17 1157 
* * 
+5 1153 959984
+3 +5 959984 959984 0 0 16 0 0 16
+4 -2 959984
+3 * 959984
jcnd=59999/959984 +17 1808 
* * 
+2 +1 959984 959984 0 0 15 0 0 15
+4 * 959984
jcnd=959984/959984 -16 -4 
* * 
+11 1808 59999
+3 * 59999
+2 * 59999 59999
+4 * 59999
fe=(8)
+2 49 59999 59999
+4 +1 59999
+4 * 59999 59999
+1 * 59999 59999
+1 * 59999 59999 0 1 0 0 1
+2 * 59999 59999

fl=(12) /home/spu92482/sources/instrument-prototype/cow_instrument/Component.h
fn=(34) Detector::~Detector()
0x5480 12 59999 59999 0 1 1 0 1 1
+7 * 59999
+4 * 59999 0 59999
+3 * 59999 59999

ob=(1) /lib/x86_64-linux-gnu/ld-2.19.so
fl=(5) /build/eglibc-3GlaMS/eglibc-2.19/elf/dl-lookup.c
fn=(14) do_lookup_x
0x9ef0 82 1 0 1 1 0 0 1
+2 * 1
+3 * 1 0 1
+2 * 1 0 1
+2 * 1 0 1 0 0 1 0 0 1
+2 * 1 0 1
+1 * 1 0 1
+1 * 1
+3 * 1 0 0 1 0 0 1
+7 +1 1 1
+4 -6 1 1
+8 +5 1 0 1 0 0 1 0 0 1
+5 * 1 1
+8 * 1 1
+8 -5 1 0 1 0 0 1 0 0 1
+5 * 1 0 1
+5 * 1 0 1
+5 * 1 1
+7 * 1 0 1 1 0 0 1
+4 * 1 1
+7 * 1 0 1
+4 +12 1 1
+3 229 1
+3 +3 1
+3 * 1
+5 -3 1
+4 +3 1
+4 * 1
+5 98 1 1 0 0 1 0 0 1
+5 -3 1 0 1
+8 +1 1 0 1
+9 +2 1 1 0 1 0 0 1
+4 +3 1
+3 -3 1 0 1
+5 +3 1
-34 -3 2 2
+5 -3 2 0 2
+8 +1 2 0 2
+9 +2 2 2 0 0 2 0 0 2
+4 +3 2
+3 -3 2 0 2
+5 +3 2
+6 +4 3 3
+5 * 3
jcnd=3/3 +15 +4 
* * 
+15 +4 3 3 0 0 3 0 0 3
+7 * 3
+6 +4 3 3 0 0 1 0 0 1
+7 * 3
+6 +6 3 3 0 1 2 0 1 2
+6 * 3
+2 * 3
+6 +4 3 3 0 0 2 0 0 2
+4 * 3 3 0 0 2 0 0 2
+4 +1 3 3
+4 * 3 3 0 0 1 0 0 1
+4 * 3 0 3
+5 225 3 3
+7 +1 3
+3 * 3
+6 +4 3
+3 * 3 3
+6 -2 3 3 0 0 3 0 0 3
+4 +5 3 3 0 1 0 0 1
+6 * 3
+3 * 3
+3 * 3
+3 +4 3
+3 * 3
+3 -1 3
+3 * 3
+3 +1 3
+3 -1 3
+2 * 3
jcnd=2/3 0xa78a +4 
* * 
+6 +21 2 0 2
+8 +24 2 2
+5 * 2
+2 461 2 2
+5 * 2
+3 * 2
jcnd=2/2 +69 +4 
* * 
+69 +4 2 0 0 1 0 0 1
+4 * 2
+3 * 2
jcnd=2/2 0x9f68 98 
* * 
+27 286 1 1
+4 * 1
+3 * 1
+3 * 1
+2 * 1
+3 * 1
+2 * 1
+3 * 1
jcnd=1/1 +48 +4 
* * 
+48 +4 1 0 1 1 0 0 1
+5 * 1
+3 +13 1 1
+5 +1 1 1
+5 -1 1 0 1
+3 +1 1 0 1
+4 +1 1 0 0 1 0 0 1
+5 469 1
+7 * 1 1
+1 * 1 1
+1 * 1 1
+2 * 1 1
+2 * 1 1
+2 * 1 1
+2 * 1 1
0xa78a 240 2 0 0 1 0 0 1
+2 * 2
+3 * 2
+2 * 2
+3 -1 2 2
+7 * 2 2 0 0 2 0 0 2
+3 +2 2
+2 * 2
jcnd=1/2 0xa024 +16 
* * 
+6 +2 1 1
+7 * 1
+4 * 1
jump=1 +20 +3 
* * 
+20 +3 1 1 0 1 1 0 1 1
+2 * 1
+2 * 1
+3 * 1
+3 * 1
+2 +2 1 1
+5 * 1
+3 +1 1
+3 * 1 0 1
+5 * 1 0 1
+5 * 1 0 1
+5 -1 1 0 1
+5 * 1 1
+7 +1 1 0 1
+5 -1 1
+3 * 1 0 0 1 0 0 1
+4 * 1 0 1
+4 * 1
+2 +1 1
+4 * 1
+4 * 1 0 1
cfn=(16) check_match.9458
calls=1 0x9d70 131 
* * 305 93 6 7 4 2 7 4 2
+5 +1 1
+3 * 1 1
+5 * 1 1
+5 * 1 1
+5 * 1
jcnd=1/1 0xa0a2 +36 
* * 

fn=(12) _dl_lookup_symbol_x
0xa860 714 1 0 1 1 0 0 1
+1 * 1
+3 * 1 0 1 0 0 1 0 0 1
+2 * 1
+3 * 1 0 1
+2 * 1 0 1
+2 * 1
+3 * 1 0 1
+2 * 1
+3 * 1 0 1
+1 * 1
+3 * 1
+7 476 1 1 0 1 1 0 1 1
+3 714 1 0 1 0 0 1 0 0 1
+7 * 1 0 1 0 0 1 0 0 1
+7 476 1
+2 * 1
+6 * 1
+3 -1 1
+6 * 1
+6 +2 1
+3 -1 1
+4 +1 1
+4 * 1
+3 * 1
+3 -1 1 1
+3 * 1
+2 * 1
jcnd=1/1 -22 +1 
* * 
-22 +1 34
+3 -1 34
+4 +1 34
+4 * 34
+3 * 34
+3 -1 34 34
+3 * 34
+2 * 34
jcnd=33/34 -22 +1 
* * 
+2 * 1 0 0 1 0 0 1
+3 * 1 0 1
+7 716 1
+5 +4 1 0 1 0 0 1 0 0 1
+8 +4 1
+3 -8 1 0 1
+7 +1 1 0 1
+11 * 1 0 1
+11 +7 1
jcnd=1/1 +15 +5 
* * 
+15 +5 1 1 0 1 0 0 1
+5 +2 1 1
+7 * 1 1 0 0 1 0 0 1
+3 -2 1
+6 +6 1
+3 * 1
+6 * 1
+3 * 1
+7 * 1
+3 * 1 0 1
+7 * 1
+7 * 1 0 1 1 0 0 1
+7 +2 1 1
+3 * 1 1
+7 * 1 1
+3 * 1 1
+7 * 1 1
+7 * 1 1
+7 * 1 0 1
+5 * 1 0 1
+5 * 1 0 1 0 0 1 0 0 1
+9 * 1 0 1
+4 * 1 0 1 1 0 0 1
+5 * 1 0 1
+8 * 1 0 1
cfn=(14)
calls=1 0x9ef0 82 
* * 533 167 42 19 24 5 19 24 5
+5 +3 1
+3 * 1
jcnd=1/1 +20 -12 
* * 
+20 -12 1 0 1
+11 * 1
+5 +38 1 1
+8 * 1 0 0 1 0 0 1
+6 +22 1 1
+3 +1 1
+3 * 1
+2 * 1 1
+4 * 1
+3 * 1
+2 * 1
+2 * 1 1
+7 +26 1
+3 +9 1 1
+8 * 1
+3 * 1
+2 * 1
+3 * 1
+6 +14 1 1 0 0 1 0 0 1
+6 * 1 0 0 1 0 0 1
+2 * 1
+6 +3 1 1
+6 * 1
+6 * 1
+6 * 1 1
+7 +5 1 0 1
+3 +2 1
+4 * 1 1
+1 * 1 1
+2 * 1 1
+2 * 1 1
+2 * 1 1
+2 * 1 1
+1 * 1 1

fn=(16)
0x9d70 131 1 0 1 1 0 0 1
+2 * 1 0 1
+2 * 1 0 1
+1 * 1
+3 * 1 0 1 0 0 1 0 0 1
+1 * 1
+3 * 1
+4 +1 1 1 0 1 1 0 1 1
+4 * 1
+3 +2 1 1 0 0 1 0 0 1
+5 * 1
+6 +2 1
+2 * 1 1
+5 * 1
+3 -2 1 1
+3 * 1
+6 +12 1
+5 * 1 1 1 0 0 1 0 0 1
+3 * 1
+6 +3 1 1
+4 * 1
+2 * 1 1
+3 * 1 1
+4 * 1 1 0 1 0 0 1
+4 * 1 0 1
cfi=(6) /build/eglibc-3GlaMS/eglibc-2.19/string/../sysdeps/x86_64/multiarch/../strcmp.S
cfn=(18) strcmp
calls=1 0x19c70 -18 
* * 254 73 0 2 1 0 2 1
+5 * 1
+2 * 1
+6 +5 1 1
+4 -1 1 1
+4 +1 1
+3 -1 1 1
+7 +1 1
jcnd=1/1 +93 +50 
* * 
+71 +68 1 0 0 1 0 0 1
+4 * 1
+3 * 1 1
+1 * 1 1
+1 * 1 1
+2 * 1 1
+2 * 1 1
+9 -18 1 0 0 1 0 0 1
+3 * 1
+2 +2 1 1
+3 * 1 1 0 0 1 0 0 1
+4 +1 1 1
+3 * 1
+3 * 1
+3 -1 1
+2 * 1
+6 +1 1
+3 -1 1
+2 * 1
jcnd=1/1 -56 +16 
* * 

fl=(3) /build/eglibc-3GlaMS/eglibc-2.19/elf/../sysdeps/x86_64/dl-trampoline.S
fn=(8) _dl_runtime_resolve
0x164e0 34 1 0 0 1 0 0 1
+4 +2 1 0 1 0 0 1 0 0 1
+4 +1 1 0 1
+5 +1 1 0 1
+5 +1 1 0 1
+5 +1 1 0 1
+5 +1 1 0 1 1 0 0 1
+5 +1 1 0 1
+5 +1 1 1
+5 +1 1 1
+5 +1 1 0 1
cfi=(4) /build/eglibc-3GlaMS/eglibc-2.19/elf/../elf/dl-runtime.c
cfn=(10) _dl_fixup
calls=1 0xf460 +21 
* * 986 257 76 33 45 11 33 45 11
+5 +1 1
+3 +1 1 1
+5 +1 1 1
+5 +1 1 1
+5 +1 1 1
+5 +1 1 1
+5 +1 1 1
+5 +1 1 1
+4 +1 1
+4 +2 1 0 0 1 0 0 1

fl=(4)
fn=(10)
0xf460 66 1 0 1 1 0 0 1
+2 * 1
+3 +6 1
+2 * 1
+4 -6 1 0 1 0 0 1 0 0 1
+1 * 1 0 1
+1 * 1
+4 +3 1 1 0 0 1 0 0 1
+4 -1 1 1
+4 +1 1 1 0 0 1 0 0 1
+4 +3 1 1 0 1 1 0 1 1
+7 +1 1 1 0 0 1 0 0 1
+4 -1 1 1 0 0 1 0 0 1
+4 * 1
+4 +1 1 1 0 0 1 0 0 1
+4 * 1
+3 * 1
+4 * 1
+4 * 1
+4 +1 1 1 0 0 1 0 0 1
+3 -1 1 0 1
+5 +1 1
+3 * 1 1 0 0 1 0 0 1
+3 +5 1
+3 * 1
+6 +4 1 1 0 0 1 0 0 1
+4 * 1 0 0 1 0 0 1
+6 +4 1 1 0 0 1 0 0 1
+7 * 1
+3 * 1
+6 +4 1 1 0 0 1 0 0 1
+4 * 1 1 0 0 1 0 0 1
+4 +1 1
+6 * 1
+4 * 1 1 0 0 1 0 0 1
+7 * 1
+4 +2 1
+5 * 1 1 0 0 1 0 0 1
+4 * 1
+2 * 1
+4 +7 1 1 0 1 1 0 1 1
+8 * 1
+2 * 1
+6 -1 1
+6 +8 1 1 0 0 1 0 0 1
+9 * 1 0 1
+12 +3 1 1
+2 * 1 1 0 0 1 0 0 1
+7 * 1
+5 * 1 0 1
+4 * 1 0 1 1 0 0 1
+9 * 1
+6 * 1
+3 * 1
+3 * 1 0 1
cfi=(5)
cfn=(12)
calls=1 0xa860 714 
* * 903 227 66 27 27 10 27 27 10
+5 * 1
+3 +4 1 1
+8 * 1
+2 * 1
+6 +4 1 1
+8 * 1
+2 * 1
+2 * 1 0 1
+9 +6 1 1 0 1 0 0 1
+5 * 1
+3 * 1
+2 * 1
+3 * 1
+2 * 1 1
+4 +16 1 1
+4 -8 1 1
+4 +8 1
+3 * 1
+3 * 1
+6 +4 1 1 0 0 1 0 0 1
+6 * 1
+2 * 1
fi=(7) /build/eglibc-3GlaMS/eglibc-2.19/elf/../sysdeps/x86_64/dl-machine.h
+2 +65 1 0 1
fe=(4)
+3 -61 1
+4 * 1 1
+1 * 1 1
+1 * 1 1
+2 * 1 1

fl=(6)
fn=(18)
0x19c70 131 1 1 0 1 1 0 1 1
+2 +1 1 1
+2 +1 1
+2 +1 1
+3 +1 1
+3 +1 1
+2 +1 1
cfn=(19) strcmp'2
calls=1 -14 -6 
* * 247 71 0 1 0 0 1

fn=(19)
0x19c70 131 35 35
+2 +1 35 35
+2 +1 35
+2 +1 35
+3 +1 35
+3 +1 35
+2 +1 35
cfn=(19)
calls=34 -14 -6 
* * 4233 1224 0 34 0 0 34
+2 +2 1 0 0 1 0 0 1
+2 +1 1 1

ob=(4) /home/spu92482/builds/instrument-prototype/cow_instrument/testing/cow_instrument_test
fl=(1) /home/spu92482/sources/instrument-prototype/cow_instrument/testing/Example.cpp
fn=(0) (anonymous namespace)::ExampleTest_simple_sans_example_Test::TestBody()
0x438bc8 119 1 0 1 1 0 1 1 0 1
+5 * 1 1
+5 * 1
+5 * 1
+4 * 1
+5 +4 1
+5 * 1
+3 * 1 0 1
cob=(6)
cfi=(8)
cfn=(22)
calls=1 0x55b0 -81 
* * 117 39 3 3 32 0 3 32
cob=(1)
cfi=(3)
cfn=(8)
calls=1 0x164e0 -89 
* * 1007 266 84 36 45 12 36 45 12
* * 5 3 2 2 2 0 2 2
-8 * 59998
+5 * 59998
+3 * 59998 0 59998
cob=(6)
cfi=(8)
cfn=(22)
calls=59998 0x55b0 -81 
* * 7019766 2339922 179994
* * 59998 59998
fi=(10) /home/spu92482/sources/instrument-prototype/cow_instrument/Detector.h
+5 11 59999 59999 0 0 1 0 0 1
fe=(1)
+4 124 59999
+5 * 59999
fi=(10)
+3 11 59999 0 59999 1 0 1 1 0 1
+9 * 59999 0 59999
+5 * 59999 59999
+4 * 59999 0 59999
+8 * 59999 59999
+4 * 59999 0 59999
+8 * 59999 59999
+4 * 59999 0 59999
fe=(1)
+8 124 59999 0 59999
cob=(6)
cfi=(11)
cfn=(30)
calls=59999 0x5430 5 
* * 479992 239996 179997 2 0 1 2 0 1
* * 59999 59999 0 1 1 0 1 1
+5 +1 59999
+3 * 59999 0 59999
cob=(6)
cfi=(12)
cfn=(34)
calls=59999 0x5480 12 
* * 239996 119998 59999 1 1 0 1 1
* * 59999 59999 0 1 1 0 1 1
+5 -3 59999
+4 * 59999
jcnd=59998/59999 -92 +1 
* * 

totals: 9060865 3120217 900072 48 83 15 48 83 15
